[ 3.37946167 40.88209479]
[ 3.37946167 40.88209479]
[ 7.85533911 66.46753247]
[ 1.39553806 12.08871391]
[ 7.85533911 66.46753247]
[ 7.85533911 66.46753247]
[ 7.85533911 66.46753247]
[ 1.39553806 12.08871391]
[ 1.39553806 12.08871391]
[ 1.39553806 12.08871391]
[ 7.85533911 66.46753247]
[ 1.39553806 12.08871391]
[ 1.39553806 12.08871391]
[ 1.39553806 12.08871391]
[ 1.39553806 12.08871391]
[ 1.39553806 12.08871391]
[ 1.39553806 12.08871391]
[ 1.39553806 12.08871391]
[ 3.37946167 40.88209479]
[ 3.37946167 40.88209479]
[ 1.39553806 12.08871391]
[ 3.37946167 40.88209479]
[ 7.85533911 66.46753247]
[ 3.37946167 40.88209479]
[ 7.85533911 66.46753247]
[ 7.85533911 66.46753247]
[ 3.37946167 40.88209479]
[ 1.39553806 12.08871391]
[ 3.37946167 40.88209479]
[ 3.37946167 40.88209479]
[ 3.37946167 40.88209479]
[ 3.37946167 40.88209479]
[ 3.37946167 40.88209479]
[ 3.37946167 40.88209479]
[ 7.85533911 66.46753247]
[ 1.39553806 12.08871391]
[ 7.85533911 66.46753247]
[ 1.39553806 12.08871391]
[ 3.37946167 40.88209479]
[ 3.37946167 40.88209479]
[ 7.85533911 66.46753247]
[ 3.37946167 40.88209479]
[ 3.37946167 40.88209479]
[ 3.37946167 40.88209479]
[ 1.39553806 12.08871391]
[ 3.37946167 40.88209479]
[ 7.85533911 66.46753247]
[ 7.85533911 66.46753247]
[ 7.85533911 66.46753247]
[ 3.37946167 40.88209479]
[ 1.39553806 12.08871391]