[ 3.53943878 41.90144477]
[ 3.53943878 41.90144477]
[ 8.29896306 69.09466877]
[ 1.33871497 11.3573107 ]
[ 3.53943878 41.90144477]
[ 8.29896306 69.09466877]
[ 8.29896306 69.09466877]
[ 1.33871497 11.3573107 ]
[ 1.33871497 11.3573107 ]
[ 1.33871497 11.3573107 ]
[ 3.53943878 41.90144477]
[ 1.33871497 11.3573107 ]
[ 1.33871497 11.3573107 ]
[ 1.33871497 11.3573107 ]
[ 1.33871497 11.3573107 ]
[ 1.33871497 11.3573107 ]
[ 1.33871497 11.3573107 ]
[ 1.33871497 11.3573107 ]
[ 3.53943878 41.90144477]
[ 3.53943878 41.90144477]
[ 1.33871497 11.3573107 ]
[ 3.53943878 41.90144477]
[ 8.29896306 69.09466877]
[ 3.53943878 41.90144477]
[ 8.29896306 69.09466877]
[ 8.29896306 69.09466877]
[ 3.53943878 41.90144477]
[ 1.33871497 11.3573107 ]
[ 3.53943878 41.90144477]
[ 3.53943878 41.90144477]
[ 3.53943878 41.90144477]
[ 3.53943878 41.90144477]
[ 3.53943878 41.90144477]
[ 3.53943878 41.90144477]
[ 8.29896306 69.09466877]
[ 1.33871497 11.3573107 ]
[ 8.29896306 69.09466877]
[ 1.33871497 11.3573107 ]
[ 3.53943878 41.90144477]
[ 3.53943878 41.90144477]
[ 8.29896306 69.09466877]
[ 3.53943878 41.90144477]
[ 3.53943878 41.90144477]
[ 3.53943878 41.90144477]
[ 1.33871497 11.3573107 ]
[ 3.53943878 41.90144477]
[ 8.29896306 69.09466877]
[ 3.53943878 41.90144477]
[ 8.29896306 69.09466877]
[ 3.53943878 41.90144477]
[ 1.33871497 11.3573107 ]